
2015.62,2039.06,2062.50,2085.94,2109.38,2132.81,2156.25,2179.69,2203.12,2226.56,2250.00,2273.44,2296.88,2320.31,2343.75,2367.19,2390.62,2414.06,2437.50,2460.94,2484.38,2507.81,2531.25,2554.69,2578.12,2601.56,2625.00,2648.44,2671.88,2695.31,2718.75,2742.19,2765.62,2789.06,2812.50,2835.94,2859.38,2882.81,2906.25,2929.69,2953.12,2976.56,3000.00,3023.44,3046.88,3070.31,3093.75,3117.19,3140.62,E (3932) AUD_TASK: Falha ao alocar audio_data_t.
I (3942) AUD_TASK: Recebido bloco com 4096 samples.
I (3982) FFT: FFT concluída.
3164.06,3187.50,3210.94,3234.38,3257.81,3281.25,3304.69,3328.12,3351.56,3375.00,3398.44,3421.88,3445.31,3468.75,3492.19,3515.62,3539.06,3562.50,3585.94,3609.38,3632.81,3656.25,3679.69,3703.12,3726.56,3750.00,3773.44,3796.88,3820.31,3843.75,3867.19,3890.62,3914.06,3937.50,3960.94,3984.38,4007.81,4031.25,4054.69,4078.12,4101.56,4125.00,4148.44,4171.88,4195.31,4218.75,4242.19,4265.62,4289.06,4312.50,4335.94,4359.38,4382.81,4406.25,4429.69,4453.12,4476.56,4500.00,4523.44,4546.88,4570.31,4593.75,4617.19,4640.62,4664.06,E (4632) AUD_TASK: Falha ao alocar audio_data_t.
I (4642) AUD_TASK: Recebido bloco com 4096 samples.
I (4682) FFT: FFT concluída.
4687.50,4710.94,4734.38,4757.81,4781.25,4804.69,4828.12,4851.56,4875.00,4898.44,4921.88,4945.31,4968.75,4992.19,5015.62,5039.06,5062.50,5085.94,5109.38,5132.81,5156.25,5179.69,5203.12,5226.56,5250.00,5273.44,5296.88,5320.31,5343.75,5367.19,5390.62,5414.06,5437.50,I (5232) MAIN: Memória heap livre: 78532 bytes
5460.94,5484.38,5507.81,5531.25,5554.69,5578.12,5601.56,5625.00,5648.44,5671.88,5695.31,5718.75,5742.19,5765.62,5789.06,5812.50,5835.94,E (5332) AUD_TASK: Falha ao alocar audio_data_t.
I (5342) AUD_TASK: Recebido bloco com 4096 samples.
I (5372) FFT: FFT concluída.
5859.38,5882.81,5906.25,5929.69,5953.12,5976.56,6000.00,6023.44,6046.88,6070.31,6093.75,6117.19,6140.62,6164.06,6187.50,6210.94,6234.38,6257.81,6281.25,6304.69,6328.12,6351.56,6375.00,6398.44,6421.88,6445.31,6468.75,6492.19,6515.62,6539.06,6562.50,6585.94,6609.38,6632.81,6656.25,6679.69,6703.12,6726.56,6750.00,6773.44,6796.88,6820.31,6843.75,6867.19,6890.62,6914.06,6937.50,6960.94,6984.38,7007.81,7031.25,7054.69,7078.12,7101.56,7125.00,7148.44,7171.88,7195.31,7218.75,7242.19,7265.62,7289.06,7312.50,7335.94,7359.38,E (6032) AUD_TASK: Falha ao alocar audio_data_t.
I (6042) AUD_TASK: Recebido bloco com 4096 samples.
I (6082) FFT: FFT concluída.
7382.81,7406.25,7429.69,7453.12,7476.56,7500.00,7523.44,7546.88,7570.31,7593.75,7617.19,7640.62,7664.06,7687.50,7710.94,7734.38,7757.81,7781.25,7804.69,7828.12,7851.56,7875.00,7898.44,7921.88,7945.31,7968.75,7992.19,8015.62,8039.06,8062.50,8085.94,8109.38,8132.81,8156.25,8179.69,8203.12,8226.56,8250.00,8273.44,8296.88,8320.31,8343.75,8367.19,8390.62,8414.06,8437.50,8460.94,8484.38,8507.81,E (6732) AUD_TASK: Falha ao alocar audio_data_t.
I (6732) AUD_TASK: Recebido bloco com 4096 samples.
I (6772) FFT: FFT concluída.
8531.25,8554.69,8578.12,8601.56,8625.00,8648.44,8671.88,8695.31,8718.75,8742.19,8765.62,8789.06,8812.50,8835.94,8859.38,8882.81,8906.25,8929.69,8953.12,8976.56,9000.00,9023.44,9046.88,9070.31,9093.75,9117.19,9140.62,9164.06,9187.50,9210.94,9234.38,9257.81,9281.25,I (7412) YIN: Aqui
I (7322) MAIN: Memória heap livre: 78532 bytes
W (7412) AUD_TASK: YIN não detectou pitch válido.
9304.69,9328.12,9351.56,9375.00,9398.44,9421.88,9445.31,9468.75,9492.19,9515.62,9539.06,9562.50,9585.94,9609.38,9632.81,9656.25,9679.69,E (7432) AUD_TASK: Falha ao alocar audio_data_t.
I (7442) AUD_TASK: Recebido bloco com 4096 samples.
I (7472) FFT: FFT concluída.
9703.12,9726.56,9750.00,9773.44,9796.88,9820.31,9843.75,9867.19,9890.62,9914.06,9937.50,9960.94,9984.38,10007.81,10031.25,10054.69,10078.12,10101.56,10125.00,10148.44,10171.88,10195.31,10218.75,10242.19,10265.62,10289.06,10312.50,10335.94,10359.38,10382.81,E (8122) AUD_TASK: Falha ao alocar audio_data_t.
I (8122) AUD_TASK: Recebido bloco com 4096 samples.
I (8162) FFT: FFT concluída.
10406.25,10429.69,10453.12,10476.56,10500.00,10523.44,10546.88,10570.31,10593.75,10617.19,10640.62,10664.06,10687.50,10710.94,10734.38,I (8802) YIN: Aqui
W (8802) AUD_TASK: YIN não detectou pitch válido.
10757.81,10781.25,10804.69,10828.12,10851.56,10875.00,10898.44,10921.88,10945.31,10968.75,10992.19,11015.62,11039.06,11062.50,11085.94,E (8812) AUD_TASK: Falha ao alocar audio_data_t.
I (8812) AUD_TASK: Recebido bloco com 4096 samples.
I (8852) FFT: FFT concluída.
11109.38,11132.81,11156.25,11179.69,11203.12,11226.56,11250.00,11273.44,11296.88,11320.31,11343.75,11367.19,11390.62,11414.06,11437.50,I (9412) MAIN: Memória heap livre: 78500 bytes
11460.94,11484.38,11507.81,11531.25,11554.69,11578.12,11601.56,11625.00,11648.44,11671.88,11695.31,11718.75,11742.19,11765.62,11789.06,11812.50,11835.94,11859.38,11882.81,11906.25,11929.69,11953.12,11976.56,12000.00,12023.44,12046.88,12070.31,12093.75,12117.19,E (9502) AUD_TASK: Falha ao alocar audio_data_t.
I (9512) AUD_TASK: Recebido bloco com 4096 samples.
I (9542) FFT: FFT concluída.
12140.62,12164.06,12187.50,12210.94,12234.38,12257.81,12281.25,12304.69,12328.12,12351.56,12375.00,12398.44,12421.88,12445.31,12468.75,I (10182) YIN: Aqui
W (10182) AUD_TASK: YIN não detectou pitch válido.
12492.19,12515.62,12539.06,12562.50,12585.94,12609.38,12632.81,12656.25,12679.69,12703.12,12726.56,12750.00,12773.44,12796.88,12820.31,E (10192) AUD_TASK: Falha ao alocar audio_data_t.
I (10202) AUD_TASK: Recebido bloco com 4096 samples.
I (10232) FFT: FFT concluída.
12843.75,12867.19,12890.62,12914.06,12937.50,12960.94,12984.38,13007.81,13031.25,13054.69,13078.12,13101.56,13125.00,13148.44,13171.88,13195.31,13218.75,13242.19,13265.62,13289.06,13312.50,13335.94,13359.38,13382.81,13406.25,13429.69,13453.12,13476.56,13500.00,13523.44,13546.88,13570.31,13593.75,13617.19,13640.62,13664.06,13687.50,13710.94,13734.38,13757.81,13781.25,13804.69,13828.12,E (10882) AUD_TASK: Falha ao alocar audio_data_t.
I (10892) AUD_TASK: Recebido bloco com 4096 samples.
I (10922) FFT: FFT concluída.
13851.56,13875.00,13898.44,13921.88,13945.31,13968.75,13992.19,14015.62,14039.06,14062.50,14085.94,14109.38,14132.81,14156.25,14179.69,14203.12,14226.56,14250.00,14273.44,14296.88,14320.31,14343.75,14367.19,14390.62